  2.0000000e+000  3.0451257e+000  3.6117412e+000  2.4884817e+000  3.6556961e+000  2.8802848e+000  4.3140187e+000  3.7085269e+000  2.4021610e+000  2.1938852e+000  2.3184140e+000
  2.0000000e+000  1.2583347e+000  2.5652779e+000  2.1256946e+000  2.8711585e+000  2.6342472e+000  2.3932882e+000  3.3307822e+000  3.8269956e+000  3.1884686e+000  1.0511620e+000
  2.0000000e+000  2.9453564e+000  2.0256274e+000  2.3351969e+000  4.0463093e+000  3.1052757e+000  2.4511154e+000  3.9639548e+000  1.6401944e+000  5.3517673e+000  2.4940296e+000
  1.0000000e+000  3.4475021e+000  1.4601486e+000  3.0537360e+000  4.4544949e+000  2.2254923e+000  2.9639121e+000  2.9826051e+000  3.0204824e+000  2.5603849e+000  3.2437468e+000
  2.0000000e+000  8.5102770e-001  5.9461489e-003  2.3060835e+000  1.2016283e+000  2.7174439e+000  3.7678167e+000  2.3574066e+000  5.1002802e+000  4.2370849e+000  2.1599070e+000
  2.0000000e+000  2.2153730e+000  2.3309453e+000  2.4823930e+000  3.5085667e+000  2.1461254e+000  4.9087441e+000  1.6440094e+000  4.9520937e+000  4.3228153e+000  4.1206008e+000
  1.0000000e+000  2.5537697e+000  4.9888046e+000  3.8794553e+000  3.2501064e+000  3.3268309e+000  3.6751976e+000  2.1989807e+000  3.8261877e+000  3.9648912e+000  3.7347263e+000
  1.0000000e+000  2.8323708e+000  3.2676985e+000  3.4373262e+000  2.9943916e+000  2.6868837e+000  3.2371131e+000  3.1808737e+000  2.7271985e+000  3.4304988e+000  2.1988791e+000
  2.0000000e+000  3.8277913e+000  1.8609694e+000  3.8360983e+000  2.2662441e+000  4.2845735e+000  4.7924011e+000  2.8645851e+000  3.5258367e+000  3.7308373e+000  2.6928590e+000
  2.0000000e+000  8.9887571e-001  5.0399623e+000  2.4310319e+000  2.7863381e+000  2.3144192e+000  2.0763652e+000  4.6681834e+000  2.6223599e+000  3.4422562e+000  3.4352107e+000
  2.0000000e+000  3.1013341e+000  4.1567802e+000  1.5481871e+000  1.9849960e+000  3.3947732e+000  2.7920784e+000  1.7613556e+000  2.4267632e+000  3.4226353e+000  2.8821942e+000
  2.0000000e+000  3.4554255e+000  3.2593362e+000  2.8102579e+000  4.0747713e+000  2.4410892e+000  3.1745070e+000  2.3812574e+000  3.4083252e+000  3.7211251e+000  3.6441981e+000
  2.0000000e+000  1.5562106e+000  3.2387711e+000  2.6618326e+000  2.4527599e+000  3.6987440e+000  2.8960505e+000  3.2319752e+000  2.1522028e+000  2.9257562e+000  3.8049899e+000
  2.0000000e+000  3.5359078e+000  2.5337307e+000  4.8294397e+000  5.1070616e+000  1.4876069e+000  2.3608783e+000  1.4017925e+000  3.4608128e+000  2.6165354e+000  3.8758329e+000
  2.0000000e+000  3.1710729e+000  3.2892716e+000  4.0296929e+000  4.7397863e+000  2.4564292e+000  2.1797730e+000  4.0795496e+000  1.5457796e+000  3.0298158e+000  1.8878101e+000
  2.0000000e+000  1.7766450e+000  3.3590543e+000  2.4045533e+000  3.6893028e+000  1.9789089e+000  2.2908554e+000  4.4702762e+000  3.0486351e+000  1.2773269e+000  3.8653442e+000
  1.0000000e+000  3.3573811e+000  3.1932371e+000  3.8665904e+000  2.9357092e+000  2.4600033e+000  1.0893223e+000  3.3321499e+000  3.1927287e+000  2.2843188e+000  2.3186716e+000
  1.0000000e+000  2.2714069e+000  3.5531267e+000  3.3297065e+000  2.6143603e+000  1.7978754e+000  2.1100848e+000  3.1091476e+000  2.4341426e+000  2.9384045e+000  3.5864234e+000
  2.0000000e+000  4.6957177e+000  3.4277152e+000  4.1241581e+000  3.9435637e+000  3.6474238e+000  3.5167343e+000  4.9428234e+000  1.3990623e+000  3.6016464e+000  2.4803478e+000
  2.0000000e+000  2.1275729e+000  3.2414372e+000  9.3211040e-001  3.7738739e+000  3.1392839e+000  2.5742640e+000  2.5312091e+000  2.3733795e+000  2.5428502e+000  4.8467287e+000
  2.0000000e+000  3.5591381e+000  3.4785463e+000  1.1322924e+000  1.8251930e+000  4.4172089e+000  1.9050194e+000  2.8248141e+000  3.6811214e+000  2.2667973e+000  2.3519410e+000
  2.0000000e+000  3.6500907e+000  3.5286183e+000  4.1898235e+000  3.3907028e+000  1.5381172e+000  2.4740045e+000  2.7381114e+000  3.7846343e+000  2.9550361e+000  1.1034663e+000
  2.0000000e+000  4.3572844e+000  3.6240276e+000  3.3454235e+000  2.2664524e+000  2.2393967e+000  3.6752988e+000  1.6876127e+000  2.7163905e+000  2.9596746e+000  2.7526092e+000
  2.0000000e+000  1.7274788e+000  3.0053268e+000  4.3388178e+000  2.3667442e+000  1.0730477e+000  2.5412794e+000  2.5453004e+000  2.6531360e+000  1.6672419e+000  3.0343342e+000
  1.0000000e+000  2.9085234e+000  2.3905170e+000  3.0444981e+000  3.9324262e+000  4.7612739e+000  3.5587742e+000  4.2675112e+000  2.4728827e+000  3.8727646e+000  3.1356225e+000
  2.0000000e+000  3.8920159e+000  3.1806669e+000  3.8246165e+000  2.3406137e+000  2.7260021e+000  2.7065001e+000  3.2476626e+000  4.1359386e+000  3.8189758e+000  2.4559447e+000
  2.0000000e+000  3.1121888e+000  4.0033755e+000  2.5868189e+000  1.7887065e+000  3.8321612e+000  5.6550766e+000  2.4452048e+000  2.1721254e+000  2.3660117e+000  2.2585708e+000
  2.0000000e+000  4.6832621e+000  4.0372321e+000  3.7173296e+000  3.4063529e+000  3.1135815e+000  2.6963994e+000  1.6165758e+000  1.6533592e+000  4.5902643e+000  4.0412790e+000
  2.0000000e+000  2.9818443e+000  1.6715544e+000  4.0257411e+000  2.1131770e+000  4.3503800e+000  1.8307633e+000  3.5261677e+000  3.5019391e+000  3.0398975e+000  2.8315612e+000
  2.0000000e+000  4.6612243e+000  4.0388980e+000  4.3076119e+000  4.8980789e-001  2.8426759e+000  1.5006660e+000  3.7870349e+000  4.7424473e+000  3.5832600e+000  2.5541890e+000
  1.0000000e+000  2.9087745e+000  4.5908021e+000  3.3383636e+000  5.0608190e+000  2.1641752e+000  4.3666960e+000  3.6900575e+000  2.0220029e+000  3.7200389e+000  3.8797964e+000
  2.0000000e+000  1.5816145e+000  2.2860826e+000  2.5305375e+000  2.9278072e+000  2.7571930e+000  3.5964354e+000  4.4286887e+000  3.3897730e+000  2.1215771e+000  4.6247886e+000
  2.0000000e+000  2.4715901e+000  4.7982273e+000  2.0443535e+000  4.1784217e+000  1.6909097e+000  2.4502454e+000  3.4528572e+000  3.2930693e+000  3.2784761e+000  4.1039438e+000
  2.0000000e+000  4.2016956e+000  1.7220284e+000  4.9904477e+000  3.7475616e+000  1.8933144e+000  1.6095989e+000  4.4064666e+000  4.3422814e+000  2.3802223e+000  3.6253418e+000
  2.0000000e+000  3.3007311e+000  3.4661120e+000  2.9691580e+000  3.7365349e+000  4.1381055e-001  3.1104007e+000  3.3475262e+000  3.2199504e+000  2.5509872e+000  3.4076925e+000
  2.0000000e+000  1.6792735e+000  3.6816182e+000  2.1246673e+000  2.1623902e+000  3.7109735e+000  4.3871553e+000  3.8709510e+000  3.0415442e+000  3.9319749e+000  3.8794214e+000
  2.0000000e+000  1.8516554e+000  2.1957624e+000  2.6405559e+000  3.4533270e+000  2.5176657e+000  2.1461332e+000  3.0495970e+000  2.3164661e+000  3.1369876e+000  1.1242419e+000
  1.0000000e+000  2.5370867e+000  4.3943535e+000  3.2959379e+000  1.3873908e+000  3.8443323e+000  3.9523512e+000  1.8463797e+000  1.1551475e+000  2.7919245e+000  4.1230992e+000
  2.0000000e+000  1.5550692e+000  4.8839329e+000  4.3971991e+000  3.1000428e+000  3.5119003e+000  2.4847979e+000  3.0100818e+000  3.7751538e+000  2.3075057e+000  2.3763182e+000
  2.0000000e+000  2.1973275e+000  2.1093230e+000  2.5725342e+000  2.7378797e+000  4.3432911e+000  3.2704169e+000  2.0827060e+000  3.9878620e+000  2.6010023e+000  1.9370168e+000
  2.0000000e+000  3.0094980e+000  3.0055288e+000  2.4698003e+000  3.8789146e+000  2.3559849e+000  2.0679529e+000  6.8066039e-001  2.3680443e+000  2.9793374e+000  3.0350723e+000
  2.0000000e+000  5.0976680e+000  3.4383814e+000  3.1047378e+000  3.3741670e+000  2.0904953e+000  3.3095097e+000  3.7544336e+000  3.6712800e+000  3.5915467e+000  3.2038369e+000
  1.0000000e+000  3.6983425e+000  9.6840755e-001  3.1637370e+000  1.5532461e+000  3.8226101e+000  3.3035250e+000  3.0478797e+000  2.8165616e+000  1.5964876e+000  2.3937880e+000
  2.0000000e+000  3.9255346e+000  3.0395724e+000  3.5432988e+000  3.7054961e+000  1.2912605e+000  2.6503092e-001  2.9483107e+000  1.6985413e+000  4.7274327e+000  3.1576953e+000
  1.0000000e+000  2.0821301e+000  3.0854809e+000  3.0399306e+000  2.0016305e+000  2.2621241e+000  3.0685774e+000  4.1987901e+000  2.4742767e+000  4.1252536e+000  4.3760360e+000
  2.0000000e+000  2.8502959e+000  7.9804036e-001  4.2484251e+000  2.2474794e+000  2.5130269e+000  2.5037324e+000  2.2636204e+000  1.9843817e+000  3.7047740e+000  4.7257617e+000
  2.0000000e+000  4.7147035e+000  2.6010654e+000  3.2660959e+000  1.3461710e+000  3.4916046e+000  2.8011362e+000  1.7631982e+000  2.7387658e+000  3.9305569e+000  2.1863553e+000
  2.0000000e+000  1.7787199e+000  1.8063634e+000  2.8911546e+000  4.7410572e+000  2.5522909e+000  2.7178352e+000  2.5954686e+000  4.5348282e+000  4.3656918e+000  2.1706298e+000
  2.0000000e+000  4.3343230e+000  4.6423844e+000  3.2951414e+000  2.4981847e+000  2.4335161e+000  1.6475297e+000  2.7024050e+000  4.7068312e+000  2.3777806e+000  1.5921784e+000
  2.0000000e+000  3.3675168e+000  2.6538919e+000  1.8970432e+000  2.7614934e+000  3.3006297e+000  3.2108620e+000  1.6413121e+000  3.4149662e+000  2.8999199e+000  3.1496937e+000
  2.0000000e+000  2.4050577e+000  1.6902378e+000  2.4737765e+000  3.0055899e+000  2.3037155e+000  2.3990129e+000  3.7597195e+000  2.5352675e+000  2.6578291e+000  3.2284438e+000
  2.0000000e+000  1.6289046e+000  3.3571930e+000  1.3641415e+000  4.7972084e+000  2.9310964e+000  2.3927861e+000  3.9843135e+000  3.0586058e+000  1.5576627e+000  3.0463843e+000
  2.0000000e+000  4.0834611e+000  1.9875800e+000  2.5416663e+000  1.5377606e+000  3.6082078e+000  4.0627141e+000  3.1574160e+000  4.3187382e+000  2.4679064e+000  2.1922535e+000
  2.0000000e+000  2.6825513e+000  2.6920713e+000  1.3092226e+000  2.0634041e+000  3.1481181e+000  2.5018866e+000  2.7629395e+000  2.5072094e+000  2.1142235e+000  2.8844244e+000
  2.0000000e+000  3.0535605e+000  2.1320990e+000  4.0775273e+000  3.7048809e+000  2.7537617e+000  3.6419410e+000  3.2582088e+000  5.3832941e+000  2.1696604e+000  3.0346109e+000
  1.0000000e+000  2.3111641e+000  1.7992739e+000  3.6642615e+000  2.8035969e+000  4.6420163e+000  2.9524041e+000  3.5095226e+000  2.5923830e+000  3.5657144e+000  1.8845486e+000
  2.0000000e+000  4.3253589e+000  2.2012099e+000  2.6283534e+000  2.6113924e+000  4.1495695e+000  3.2477293e+000  1.3366790e+000  2.9116170e+000  4.2405491e+000  3.8913067e+000
  2.0000000e+000  3.0710878e+000  3.2961119e+000  2.4003026e+000  3.9725536e+000  1.7409190e+000  3.5613174e+000  3.6556383e+000  3.1710835e+000  4.4195727e+000  2.0947846e+000
  2.0000000e+000  2.7815240e+000  3.9985707e+000  2.8234020e+000  2.6965747e+000  3.2488779e+000  1.7190987e+000  3.1509777e+000  5.3309821e+000  3.8593199e+000  3.3390993e+000
  2.0000000e+000  2.5596820e+000  3.9771665e+000  5.6565323e+000  2.9277827e+000  9.4443904e-001  3.2434345e+000  2.0332890e+000  3.6379358e+000  3.2544334e+000  2.2300684e+000
  2.0000000e+000  6.8747308e-001  2.5591530e+000  3.4889458e+000  1.1956049e+000  3.3115192e+000  3.8512659e+000  4.0107489e+000  3.3605223e+000  2.1666929e+000  1.4811193e+000
  2.0000000e+000  2.7206198e+000  2.6451077e+000  4.3378515e+000  4.2866454e+000  3.4214732e+000  2.8106476e+000  3.4896632e+000  3.3828728e+000  3.0120834e+000  3.6444603e+000
  2.0000000e+000  3.7198963e+000  3.2064313e+000  2.9175923e+000  2.6311303e+000  3.3321680e+000  1.1616207e+000  2.6754512e+000  2.1830749e+000  3.5993799e+000  2.7172706e+000
  2.0000000e+000  4.1749954e+000  1.7670250e+000  3.3457154e+000  3.6028413e+000  4.0635911e+000  4.7647600e+000  2.5238770e+000  3.1474217e+000  2.7717124e+000  3.6318378e+000
  2.0000000e+000  3.2882937e+000  3.9206425e+000  2.1368505e+000  1.7660059e+000  1.1767667e+000  3.3235520e+000  1.4167284e+000  4.4834968e+000  3.5527852e+000  3.0025530e+000
  2.0000000e+000  2.7171179e+000  2.5955755e+000  1.1895588e+000  2.6384969e+000  2.2586988e+000  4.2383333e+000  1.6767813e+000  1.9103738e+000  3.3512940e+000  2.0836171e+000
  2.0000000e+000  4.0891063e+000  2.4605502e+000  4.0542874e+000  3.9507843e+000  4.3486633e+000  3.1261689e+000  4.7204474e+000  3.4453279e+000  3.3003314e+000  2.2009130e+000
  2.0000000e+000  2.8946895e+000  3.8960664e+000  2.0848363e+000  2.8530360e+000  3.2272869e+000  4.7638125e+000  2.8589201e+000  2.3395065e+000  2.8949296e+000  4.8220853e+000
  1.0000000e+000  3.1653735e+000  2.6459194e+000  3.9769807e+000  3.5623860e+000  3.9635936e+000  2.5045053e+000  3.3034150e+000  1.2246231e+000  5.3054053e+000  4.1023247e+000
  2.0000000e+000  5.0694155e+000  4.4610127e+000  3.1917882e+000  4.2291652e+000  2.8113631e+000  5.3421944e+000  2.8815061e+000  3.4873124e+000  2.6063863e+000  1.3097551e+000
  2.0000000e+000  3.0247245e+000  1.6105796e+000  2.9001832e+000  5.0450189e+000  3.3471314e+000  4.3910640e+000  2.7750423e+000  2.1706798e+000  3.6405872e+000  2.0354881e+000
  2.0000000e+000  4.7804773e+000  3.0380274e+000  3.5590069e+000  3.1483781e+000  3.0305388e+000  2.6399910e+000  1.6633470e+000  4.8854210e+000  4.0030723e+000  4.3369044e+000
  2.0000000e+000  3.9409792e+000  1.8723656e+000  2.0453517e+000  4.4836635e+000  2.9278877e+000  2.5305980e+000  3.4153162e+000  2.9937456e+000  3.6452140e+000  3.9771658e+000
  2.0000000e+000  1.5914170e+000  4.8024246e+000  3.2503946e+000  3.8058070e+000  1.7230075e+000  2.1180672e+000  3.8421552e+000  4.1546028e+000  5.1286201e+000  3.8993194e+000
  2.0000000e+000  1.6043404e+000  1.0636192e+000  3.4255870e+000  2.1720851e+000  1.0735512e+000  2.4662799e+000  4.3887034e+000  2.8678402e+000  3.2125378e+000  3.5034545e+000
  2.0000000e+000  2.1079813e+000  2.9060860e+000  2.4079268e+000  2.4275397e+000  2.9625057e+000  2.8084688e+000  1.7707867e+000  4.3430652e+000  4.5398162e+000  2.2758473e+000
  2.0000000e+000  4.1363878e+000  4.1851876e+000  2.5636944e+000  5.3884848e+000  2.6387694e+000  3.6327807e+000  3.3169994e+000  1.7368088e+000  3.3481377e+000  4.4224324e+000
  2.0000000e+000  2.0636117e+000  4.4192100e+000  2.4268203e+000  1.4422194e+000  3.4351472e+000  2.9444425e+000  4.1564091e+000  2.3726761e+000  4.9371735e+000  3.7207482e+000
  2.0000000e+000  2.9306526e+000  3.7902316e+000  2.0018791e+000  4.1345761e+000  2.8595062e+000  3.1239866e+000  3.3302793e+000  3.6285602e+000  2.5714842e+000  2.2409287e+000
  2.0000000e+000  2.6479534e+000  4.5936301e+000  2.8164183e+000  2.7520426e+000  3.5717245e+000  3.6388778e+000  2.8612027e+000  3.9706730e+000  2.4508241e+000  1.5093624e+000
  2.0000000e+000  3.3720196e+000  4.7018900e-001  2.5714293e+000  4.3353517e+000  3.6658263e+000  1.9162668e+000  3.0886135e+000  3.8255253e+000  4.4353328e+000  2.9901456e+000
  2.0000000e+000  2.7058702e+000  2.7621213e+000  2.0663692e+000  3.5300460e+000  3.8086315e+000  2.9220395e+000  2.5243056e+000  3.9228306e+000  2.4171920e+000  4.1686905e+000
  2.0000000e+000  4.5866752e+000  3.2631580e+000  3.3327900e+000  3.9190048e+000  1.9572145e+000  2.5175143e+000  2.8960841e+000  2.9563500e+000  2.3834455e+000  4.0178684e+000
  2.0000000e+000  2.8966012e+000  2.8159484e+000  4.1646746e+000  2.7756294e+000  2.0846853e+000  3.2619116e+000  3.0250612e+000  2.2093761e+000  1.8588285e+000  3.4776658e+000
  2.0000000e+000  3.5571304e+000  3.5435124e+000  2.6422063e+000  2.5587884e+000  3.1465882e+000  6.0402402e+000  1.0239723e+000  4.2507230e+000  2.8561798e+000  9.6067910e-001
  1.0000000e+000  3.6027351e+000  2.2271976e+000  3.1493245e+000  4.4283432e+000  2.9897910e+000  2.8428696e+000  2.3517873e+000  4.1865683e+000  4.0636882e+000  3.1931185e+000
  2.0000000e+000  5.1333757e+000  2.8159454e+000  2.3558324e+000  3.9026223e+000  4.1030216e+000  2.5059996e+000  3.1066191e+000  3.4256824e+000  2.8306307e+000  3.0181558e+000
  2.0000000e+000  2.3402641e+000  3.4316520e+000  2.3883984e+000  2.6146304e+000  3.4023785e+000  2.5085401e+000  2.8090345e+000  3.7694660e+000  3.7004702e+000  2.9709850e+000
  2.0000000e+000  4.1772595e+000  3.6108341e+000  2.6920941e+000  2.5682143e+000  3.9977565e+000  1.7844729e+000  2.7340404e+000  2.8347728e+000  1.8844695e+000  4.3770560e+000
  2.0000000e+000  3.8600314e+000  3.1886682e+000  2.3686957e+000  1.6747036e+000  3.7396624e+000  1.9058062e+000  1.4781055e+000  4.2140773e+000  2.5861412e+000  1.2383079e+000
  2.0000000e+000  2.7325020e+000  2.8589865e+000  4.4034032e+000  4.2853453e+000  4.1443825e+000  3.8081496e+000  1.5568221e+000  2.6712865e+000  2.2577016e+000  5.2384283e+000
  2.0000000e+000  1.4220090e+000  3.2042003e+000  2.8169936e+000  2.4437174e+000  1.9550471e+000  5.1306509e+000  4.1028082e+000  1.7923722e+000  2.6779661e+000  3.0281304e+000
  2.0000000e+000  3.3744716e+000  2.0486716e+000  2.0748046e+000  1.6208689e+000  3.2526262e-001  3.3511270e+000  3.6190929e+000  2.3448544e+000  4.2269352e+000  3.6320203e+000
  2.0000000e+000  4.2388530e+000  2.8641367e+000  2.1763525e+000  1.6351785e+000  2.7477496e+000  2.9664836e+000  5.2452804e+000  3.3665379e+000  1.4050628e+000  3.4389958e+000
  1.0000000e+000  2.8079975e+000  3.3005780e+000  3.3370243e+000  2.9124751e+000  1.8108886e+000  1.0025436e+000  4.6708925e+000  1.8367836e+000  2.1723518e+000  2.7577111e+000
  2.0000000e+000  2.2031035e+000  3.3695476e+000  4.5986067e+000  3.1207755e+000  6.4756531e+000  3.7014105e+000  2.2244807e+000  3.9697546e+000  3.8370788e+000  1.8069776e+000
  1.0000000e+000  2.4430502e+000  2.6523930e+000  3.0937303e+000  2.5380130e+000  4.0250279e+000  4.1545221e+000  3.6523922e+000  3.2672443e+000  3.5024928e+000  3.4260759e+000
  2.0000000e+000  1.9671600e+000  2.5912769e+000  2.8994934e+000  3.4601094e+000  3.0703147e+000  3.3710528e+000  3.6859875e+000  2.5252210e+000  2.9112877e+000  3.0970575e+000
  2.0000000e+000  1.5554583e+000  1.3083756e+000  2.3907629e+000  4.3797263e+000  4.3971661e+000  3.9100966e+000  3.7259637e+000  2.5528475e+000  3.6900038e+000  3.8481831e+000
  2.0000000e+000  2.9819453e+000  3.9730532e+000  2.6012270e+000  3.3350374e+000  3.4625447e+000  1.4354945e+000  4.8466036e-001  2.6348329e+000  3.4522339e+000  4.3465693e+000
